1.825668364763259888e-01
-2.714076638221740723e-01
1.804014593362808228e-01
-1.958478540182113647e-01
3.253153264522552490e-01
-2.442462593317031860e-01
3.689516484737396240e-01
1.263782680034637451e-01
-3.002410829067230225e-01
2.435926496982574463e-01
-3.036856949329376221e-01
1.517725884914398193e-01
5.662456899881362915e-02
-2.935120165348052979e-01
3.046561181545257568e-01
-2.967715561389923096e-01
-9.326254576444625854e-02
-3.229003846645355225e-01
-1.981907933950424194e-01
-4.226735234260559082e-02
-2.118398696184158325e-01
1.844659000635147095e-01
-1.354177743196487427e-01
-2.866054773330688477e-01
2.399927973747253418e-01
-1.651632338762283325e-01
-9.493546932935714722e-02
2.881542444229125977e-01
-1.227580383419990540e-01
1.560706943273544312e-01
2.041734904050827026e-01
2.788927555084228516e-01
-2.111741900444030762e-01
-1.130886524915695190e-01
2.314354032278060913e-01
-2.671187520027160645e-01
-1.242662444710731506e-01
2.046740055084228516e-01
-1.417028903961181641e-01
2.133872658014297485e-01
-1.932314038276672363e-01
1.721770018339157104e-01
-2.284858375787734985e-01
3.384693562984466553e-01
3.720398843288421631e-01
2.586102187633514404e-01
-9.518128633499145508e-02
2.369047701358795166e-01
-3.585404455661773682e-01
-2.864091098308563232e-01
