1.783462017774581909e-01
-3.156866729259490967e-01
1.862545758485794067e-01
-1.473180502653121948e-01
3.339407742023468018e-01
-2.634803950786590576e-01
3.166600167751312256e-01
1.010846942663192749e-01
-3.193641006946563721e-01
2.384655028581619263e-01
-3.250170052051544189e-01
2.693375945091247559e-01
1.073781475424766541e-01
-3.129608929157257080e-01
3.171022534370422363e-01
-2.618177533149719238e-01
-9.003368765115737915e-02
-3.194081485271453857e-01
-2.011178135871887207e-01
1.496161520481109619e-02
-1.835984289646148682e-01
1.794683486223220825e-01
-1.535245478153228760e-01
-2.168035954236984253e-01
2.710101902484893799e-01
-5.004039034247398376e-02
-1.341909617185592651e-01
3.016363680362701416e-01
-1.058752760291099548e-01
2.410211116075515747e-01
2.376540601253509521e-01
2.569216489791870117e-01
-2.155794650316238403e-01
-1.088484153151512146e-01
2.009476125240325928e-01
-2.985181808471679688e-01
-1.270331442356109619e-01
2.854625284671783447e-01
-1.102717816829681396e-01
2.995478808879852295e-01
-1.945004314184188843e-01
2.011886835098266602e-01
-1.612116992473602295e-01
3.245373070240020752e-01
3.598979413509368896e-01
1.821515858173370361e-01
-1.173238158226013184e-01
2.681500911712646484e-01
-3.423497080802917480e-01
-2.936911582946777344e-01