20222063643
17375307317
20230450653
17607242251
20421440727
17450120237
20403320657
20122635775
17372300767
20303263533
17365575767
20334510277
20127755521
17377476537
20403612247
17451411527
17666175103
17372256407
17533175043
20014203265
17551461167
20223012367
17602167105
17516311763
20336005723
17727003423
17622044165
20367063353
17651210541
20305343453
20302537253
20322360577
17517313323
17646651523
20244473423
17413350313
17627736337
20351663523
17645524521
20365307373
17540524463
20244640513
17573736723
20411670637
20446650107
20225157723
17637706645
20333526233
17347430077
17417320777