20037110607
20007460030
17764141232
20005163320
20011054537
17761226017
17763356761
17772034055
17760520270
17776562115
17652107423
20040257222
20010522574
20033421560
20014035455
20003002502
17776776336
20030376603
17755627233
20007123442
20003231500
20053474107
17777234326
20017471344
20052464476
20041027620
20027612732
17763463141
17770076326
20032720754
20064067676
17777140116
17761546316
17763376643
20055515035
17746467463
17762657417
20005334341
17772730554
20006572210
20065163537
20017601037
20010244131
17766560417
17773742564
20026236116
17775641452
20034365731
20022752006
17772522024
17716513527
17777026023
20003075237
17774712131
20023047412
17756740022
17743447142
20113550605
20033431576
17774013315
17776143204
20020672467
20043544362
20366332177
20001614775
17777534014
20005361353
17775673424
17773501743
20337237177
20012743714
20015410013
20001605352
20107040067
20004005531
20002306643
20043560462
20030764332
17767747754
17774332520
17772515232
20002461726
20004416164
17775252564
20070602642
17663447225
20017160204
17763632162
17743225176
20115734045
17766667347
17775013472
20003245213
17763332303
20026677331
17752725662
17767272174
20015275724
20037431332
17766073217
21465141057
21470263557
21436113757
21456761157
21460464377
21461050257
21450025757
21441516357
21437334437
21457176337
21531051657
21523237117
21466676437
21466540357
21452717217
21470460317
21503252357
21470544557
21477305117
21513043037
21471312717
21467775717
21451170757
21475733517
21531267777
21517721557
21506502117
21466116657
21421034357
21527010577
21464206037
21447610057
21447415357
21514666157
21463006577
21430762557
21466125237
21472776317
21506572557
21417646777
21520535177
21453313057
21457471317
21506434037
21446662557
21506442717
21450277637
21460230757
21465712777
21513403777
21402050217
21460476457
21470434517
21454666057
21466464237
21451034717
21421562777
21536236777
21456557057
21466623517
21436067237
21450100057
21533101237
21571044377
21465534637
21521364257
21463413517
21454233057
21454470157
21525054177
21441002137
21451362077
21440502657
21520134157
21455140357
21452161457
21466336557
21557300057
21543436557
21446650537
21461405677
21416524737
21454366557
21442415157
21532374037
21406273317
21547641437
21456231477
21416232157
21536616057
21451474737
21422020157
21466500237
21511613717
21520027437
21433647577
21445074337
21475577317
21466452457
21440155157
20040207412
20011650237
17764122320
20002420624
20005321241
17772501327
17756065504
17773506401
17763343512
20007475066
17630033001
20027057031
20015404772
20047476534
20020312776
20012743052
20010724015
20047576342
17764177771
20006530745
20015457037
20047523072
17776073754
20025201324
20061400362
20041623641
20034024632
20007034760
17771211775
20037143537
20056317226
17776120070
17764207123
17756642604
20054013303
17745717134
20007570407
20000034475
20003172552
17774057173
20063621762
20012640404
20020416100
20010146231
17764141123
20016610557
17762327155
20035306626
20013243610
17776521135
17706374522
17775467442
20026265545
20004237534
20016455306
17766074430
17730172426
20120656737
20045124774
17766170203
17772241416
20030356037
20041453375
20361307373
20012675041
17774347200
20003461055
17776333065
20014740531
20327246773
17763634213
20006136626
17774244760
20113256575
20006253164
17774114421
20043504213
20034512661
17736536344
17775362430
20004734270
17766540675
20002145722
17772315335
20077001361
17670617163
20015503465
17773015223
17751467444
20125024561
17764016304
17765564634
17772413615
20004651342
20033135717
17774006510
17755500472
20004106737
20035025406
17771160016
17743726616
20017253604
17724046761
17737047403
17774336216
17772046536
17763470232
17754423173
17714621775
17734142530
17711472772
17752645105
20016454653
17734057650
17752435650
17767056370
17775417237
17740707136
17774635140
17702230105
17757002723
17762020764
17745650356
17740050565
17706734565
17755131212
17706555472
17771721241
17724261250
17722273617
17746636012
17700370424
17710222670
17777524626
17751163624
17712372045
17762404023
17755423766
17774117000
17755046712
17767720747
17755114761
17732150205
20004125104
17761557762
17714104610
17761005061
17746315252
17776754517
17764474125
17774216523
17764212511
17755477213
17706204500
20010576206
20037271734
17733666103
17750170461
17723454122
17756601404
17727736464
17767701715
17713064112
17765557701
17756226272
17732277635
17754100656
17775215263
17762612436
17754467367
17726670436
17730652614
20000606545
17765325324
17766442055
20027460332
17756215757
17761333266
20052622040
17731567307
17710207335
17730306367
17765356033
17761474102
17762345161
17742461326
17776037012
17764122413
17712613610
17752734554
17735641026
17765246045
20002635676
17772022614
17725114704
17751315114
17757034410
17763576443
17733033755
17737032057