20062700446
20023651303
20063744402
20014474235
17761441507
20052171503
20026203352
20102534237
20042770116
20027232546
17766240476
20033175326
20064166707
20015220502
20065374457
20072652127
17776405105
20014373751
17776615512
20073261732
20032334620
20056635267
20051532372
20044046575
20025740554
17667256143
20106005325
20022203030
20067712337
20021542454
20032072723
20073220124
20054221132
20056000456
20025361354
20052771351
20125111213
20022346650
20040466475
20016050404
20015535221
20067156116
20015244473
20030652367
20026720672
20022226370
20060253470
20020426537
17762445514
17754367277
21443170457
21506453037
21470630177
21500015177
21434317277
21502602057
21526134437
21441745077
21436751537
21514201177
21424336057
21532201037
21444453417
21500630757
21475747117
21503103717
21437372177
21477755177
21436454457
21444623717
21440726637
21472036057
21534024437
21470337157
21512403117
21370460577
21506005377
21506163057
21525724437
21504532317
21520232557
21542232177
21522345517
21476743557
21516246377
21467454037
21515650757
21507160437
21355547057
21444274157
21501517257
21452612077
21500756257
21517400457
21514525037
21506231557
21502264777
21505325757
21422104557
21431510117
20050200217
20025576317
20043775176
20014501412
17765502105
20050255271
20026074656
20043150165
20050701772
20025146747
17757070173
20030232303
20063423616
20015171572
20054361655
20067734071
17765203015
20014370476
17757516475
20046575366
20037712343
20103616075
20051207010
20046740177
20025757445
17702160674
20105174611
20016047545
20063717572
20020573262
20027640262
20077267724
20053331471
20050542623
20030701643
20052124774
20117610137
20022352547
20020727704
20024416744
20015524677
20063421364
20015225510
20030043602
20027363555
20021712512
20071621566
20017252251
17760676525
17761430661
17761620147
17730214024
17733456150
17726723144
17745000306
17737703256
17742567175
20003235521
17730621450
17756273345
17751045036
17775410007
17763662521
17722403447
17737157176
17735032132
17763145303
17721726400
17770630044
17747321716
17742701206
17757337740
17747615650
17727176445
17767310124
17722050570
17747326012
17745537507
17767115237
17767635613
17764733377
17755402065
17736161346
17774530724
17762302656
17733373634
17746655005
17766641620
17746443655
17760304647
17730230324
17764542317
17731630236
17761465323
17764237164
17773607164
17747750130
17742402212
17745463652
17736734023